last-generated=2020-12-15
statistics-initialization=
{
  "nonlinear": "1, 1, 2, 2, 9, 0, 0, 2, 2, 1, 2, 1, 1, 1, 1, 1, 1",
  "numerical Jacobians": "0"
}
statistics-simulation=
{
  "linear": " ",
  "nonlinear": "1, 2, 2, 2, 9, 2, 1, 1, 1, 2, 0, 0, 0, 0, 1, 1, 1, 1, 1, 1",
  "number of continuous time states": "111",
  "numerical Jacobians": "0"
}
time=[0e+00, 8.64e+04]
pla.port_a.p=[3e+05, 3e+05]
pla.port_b.p=[5.43108125e+05, 3.72899375e+05, 3.7275290625e+05, 3.7274425e+05, 3.7274146875e+05, 3.7273975e+05, 3.7273871875e+05, 3.727380625e+05, 3.7273765625e+05, 3.7273740625e+05, 3.7273725e+05, 3.7273715625e+05, 3.7273709375e+05, 3.727370625e+05, 3.7273703125e+05, 3.7273703125e+05, 3.7273703125e+05, 3.72737e+05, 3.72737e+05, 3.72737e+05, 3.72737e+05, 3.72737e+05, 3.72737e+05, 3.72737e+05, 3.72737e+05, 3.72737e+05, 3.72737e+05, 3.72737e+05, 3.72737e+05, 3.72737e+05, 3.72737e+05, 3.72737e+05, 3.72737e+05, 3.72737e+05, 3.72737e+05, 3.72737e+05, 3.72737e+05, 3.72737e+05, 3.72737e+05, 3.72737e+05, 3.72737e+05, 3.72737e+05, 3.72737e+05, 3.72737e+05, 3.72737e+05, 3.72737e+05, 3.72737e+05, 3.72737e+05, 3.72737e+05, 3.72737e+05, 3.72737e+05, 3.72737e+05, 3.72737e+05, 3.72737e+05, 3.72737e+05, 3.72737e+05, 3.72737e+05, 3.72737e+05, 3.72737e+05, 3.72737e+05, 3.72737e+05, 3.72737e+05, 3.72737e+05, 3.72737e+05, 3.72737e+05, 3.72737e+05, 3.72737e+05, 3.72737e+05, 3.72737e+05, 3.72737e+05, 3.72737e+05, 3.72737e+05, 3.72737e+05, 3.72737e+05, 3.72737e+05, 3.72737e+05, 3.72737e+05, 3.72737e+05, 3.72737e+05, 3.72737e+05, 3.72737e+05, 3.72737e+05, 3.72737e+05, 3.72737e+05, 3.72737e+05, 3.72737e+05, 3.72737e+05, 3.72737e+05, 3.72737e+05, 3.72737e+05, 3.72737e+05, 3.72737e+05, 3.72737e+05, 3.72737e+05, 3.72737e+05, 3.72737e+05, 3.72737e+05, 3.72737e+05, 3.72737e+05, 3.72737e+05, 3.72737e+05]
bld[1].p_rel=[2.41108140625e+05, 7.0899375e+04, 7.08255078125e+04, 7.0821265625e+04, 7.08201953125e+04, 7.0819546875e+04, 7.08191484375e+04, 7.081890625e+04, 7.081875e+04, 7.081865625e+04, 7.08186015625e+04, 7.08185625e+04, 7.08185390625e+04, 7.08185234375e+04, 7.0818515625e+04, 7.08185078125e+04, 7.08185078125e+04, 7.08185078125e+04, 7.08185e+04, 7.08185e+04, 7.08185e+04, 7.08185e+04, 7.08185e+04, 7.08185e+04, 7.08185e+04, 7.08185e+04, 7.08185e+04, 7.08185e+04, 7.08185e+04, 7.08185e+04, 7.08185e+04, 7.08185e+04, 7.08185e+04, 7.08185e+04, 7.08185e+04, 7.08185e+04, 7.08185e+04, 7.08185e+04, 7.08185e+04, 7.08185e+04, 7.08185e+04, 7.08185e+04, 7.08185e+04, 7.08185e+04, 7.08185e+04, 7.08185e+04, 7.08185e+04, 7.08185e+04, 7.08185e+04, 7.08185e+04, 7.08185e+04, 7.08185e+04, 7.08185e+04, 7.08185e+04, 7.08185e+04, 7.08185e+04, 7.08185e+04, 7.08185e+04, 7.08185e+04, 7.08185e+04, 7.08185e+04, 7.08185e+04, 7.08185e+04, 7.08185e+04, 7.08185e+04, 7.08185e+04, 7.08185e+04, 7.08185e+04, 7.08185e+04, 7.08185e+04, 7.08185e+04, 7.08185e+04, 7.08185e+04, 7.08185e+04, 7.08185e+04, 7.08185e+04, 7.08185e+04, 7.08185e+04, 7.08185e+04, 7.08185e+04, 7.08185e+04, 7.08185e+04, 7.08185e+04, 7.08185e+04, 7.08185e+04, 7.08185e+04, 7.08185e+04, 7.08185e+04, 7.08185e+04, 7.08185e+04, 7.08185e+04, 7.08185e+04, 7.08185e+04, 7.08185e+04, 7.08185e+04, 7.08185e+04, 7.08185e+04, 7.08185e+04, 7.08185e+04, 7.08185e+04, 7.08185e+04]
bld[2].p_rel=[2.39108140625e+05, 6.8899375e+04, 6.8901203125e+04, 6.89002109375e+04, 6.8900125e+04, 6.8900078125e+04, 6.8900046875e+04, 6.890003125e+04, 6.8900015625e+04, 6.89000078125e+04, 6.89000078125e+04, 6.89000078125e+04, 6.89e+04, 6.89e+04, 6.89e+04, 6.89e+04, 6.89e+04, 6.89e+04, 6.89e+04, 6.89e+04, 6.89e+04, 6.89e+04, 6.89e+04, 6.89e+04, 6.89e+04, 6.89e+04, 6.89e+04, 6.89e+04, 6.89e+04, 6.89e+04, 6.89e+04, 6.89e+04, 6.89e+04, 6.89e+04, 6.89e+04, 6.89e+04, 6.89e+04, 6.89e+04, 6.89e+04, 6.89e+04, 6.89e+04, 6.89e+04, 6.89e+04, 6.89e+04, 6.89e+04, 6.89e+04, 6.89e+04, 6.89e+04, 6.89e+04, 6.89e+04, 6.89e+04, 6.89e+04, 6.89e+04, 6.89e+04, 6.89e+04, 6.89e+04, 6.89e+04, 6.89e+04, 6.89e+04, 6.89e+04, 6.89e+04, 6.89e+04, 6.89e+04, 6.89e+04, 6.89e+04, 6.89e+04, 6.89e+04, 6.89e+04, 6.89e+04, 6.89e+04, 6.89e+04, 6.89e+04, 6.89e+04, 6.89e+04, 6.89e+04, 6.89e+04, 6.89e+04, 6.89e+04, 6.89e+04, 6.89e+04, 6.89e+04, 6.89e+04, 6.89e+04, 6.89e+04, 6.89e+04, 6.89e+04, 6.89e+04, 6.89e+04, 6.89e+04, 6.89e+04, 6.89e+04, 6.89e+04, 6.89e+04, 6.89e+04, 6.89e+04, 6.89e+04, 6.89e+04, 6.89e+04, 6.89e+04, 6.89e+04, 6.89e+04]
pla.port_a.m_flow=[4.592495441436768e+00, 4.592495441436768e+00, 4.508362770080566e+00, 4.503206729888916e+00, 4.501195430755615e+00, 4.499959945678711e+00, 4.499199390411377e+00, 4.498726367950439e+00, 4.498433113098145e+00, 4.498250484466553e+00, 4.498137474060059e+00, 4.498067378997803e+00, 4.498023986816406e+00, 4.497996807098389e+00, 4.497979640960693e+00, 4.497969150543213e+00, 4.497962474822998e+00, 4.497958660125732e+00, 4.497955799102783e+00, 4.497954368591309e+00, 4.497953414916992e+00, 4.497952938079834e+00, 4.497952461242676e+00, 4.497952461242676e+00, 4.497951984405518e+00, 4.497951984405518e+00, 4.497951984405518e+00, 4.497951984405518e+00, 4.497951984405518e+00, 4.497951984405518e+00, 4.497951984405518e+00, 4.497951984405518e+00, 4.497951984405518e+00, 4.497951984405518e+00, 4.497951984405518e+00, 4.497951984405518e+00, 4.497951984405518e+00, 4.497951984405518e+00, 4.497951984405518e+00, 4.497951984405518e+00, 4.497951984405518e+00, 4.497951984405518e+00, 4.497951984405518e+00, 4.497951984405518e+00, 4.497951984405518e+00, 4.497951984405518e+00, 4.497951984405518e+00, 4.497951984405518e+00, 4.497951984405518e+00, 4.497951984405518e+00, 4.497951984405518e+00, 4.497951984405518e+00, 4.497951984405518e+00, 4.497951984405518e+00, 4.497951984405518e+00, 4.497951984405518e+00, 4.497951984405518e+00, 4.497951984405518e+00, 4.497951984405518e+00, 4.497951984405518e+00, 4.497951984405518e+00, 4.497951984405518e+00, 4.497951984405518e+00, 4.497951984405518e+00, 4.497951984405518e+00, 4.497951984405518e+00, 4.497951984405518e+00, 4.497951984405518e+00, 4.497951984405518e+00, 4.497951984405518e+00, 4.497951984405518e+00, 4.497951984405518e+00, 4.497951984405518e+00, 4.497951984405518e+00, 4.497951984405518e+00, 4.497951984405518e+00, 4.497951984405518e+00, 4.497951984405518e+00, 4.497951984405518e+00, 4.497951984405518e+00, 4.497951984405518e+00, 4.497951984405518e+00, 4.497951984405518e+00, 4.497951984405518e+00, 4.497951984405518e+00, 4.497951984405518e+00, 4.497951984405518e+00, 4.497951984405518e+00, 4.497951984405518e+00, 4.497951984405518e+00, 4.497951984405518e+00, 4.497951984405518e+00, 4.497951984405518e+00, 4.497951984405518e+00, 4.497951984405518e+00, 4.497951984405518e+00, 4.497951984405518e+00, 4.497951984405518e+00, 4.497951984405518e+00, 4.497951984405518e+00, 4.497951984405518e+00]
bld[1].m_flow=[2.296247720718384e+00, 2.296247720718384e+00, 2.255985021591187e+00, 2.252734899520874e+00, 2.251300096511841e+00, 2.250416278839111e+00, 2.249870300292969e+00, 2.249531269073486e+00, 2.24932074546814e+00, 2.249190092086792e+00, 2.249109029769897e+00, 2.249058723449707e+00, 2.249027490615845e+00, 2.249008178710938e+00, 2.248996019363403e+00, 2.248988389968872e+00, 2.24898362159729e+00, 2.248980760574341e+00, 2.248978853225708e+00, 2.248977661132812e+00, 2.248977184295654e+00, 2.248976707458496e+00, 2.248976469039917e+00, 2.248976230621338e+00, 2.248976230621338e+00, 2.248975992202759e+00, 2.248975992202759e+00, 2.248975992202759e+00, 2.248975992202759e+00, 2.248975992202759e+00, 2.248975992202759e+00, 2.248975992202759e+00, 2.248975992202759e+00, 2.248975992202759e+00, 2.248975992202759e+00, 2.248975992202759e+00, 2.248975992202759e+00, 2.248975992202759e+00, 2.248975992202759e+00, 2.248975992202759e+00, 2.248975992202759e+00, 2.248975992202759e+00, 2.248975992202759e+00, 2.248975992202759e+00, 2.248975992202759e+00, 2.248975992202759e+00, 2.248975992202759e+00, 2.248975992202759e+00, 2.248975992202759e+00, 2.248975992202759e+00, 2.248975992202759e+00, 2.248975992202759e+00, 2.248975992202759e+00, 2.248975992202759e+00, 2.248975992202759e+00, 2.248975992202759e+00, 2.248975992202759e+00, 2.248975992202759e+00, 2.248975992202759e+00, 2.248975992202759e+00, 2.248975992202759e+00, 2.248975992202759e+00, 2.248975992202759e+00, 2.248975992202759e+00, 2.248975992202759e+00, 2.248975992202759e+00, 2.248975992202759e+00, 2.248975992202759e+00, 2.248975992202759e+00, 2.248975992202759e+00, 2.248975992202759e+00, 2.248975992202759e+00, 2.248975992202759e+00, 2.248975992202759e+00, 2.248975992202759e+00, 2.248975992202759e+00, 2.248975992202759e+00, 2.248975992202759e+00, 2.248975992202759e+00, 2.248975992202759e+00, 2.248975992202759e+00, 2.248975992202759e+00, 2.248975992202759e+00, 2.248975992202759e+00, 2.248975992202759e+00, 2.248975992202759e+00, 2.248975992202759e+00, 2.248975992202759e+00, 2.248975992202759e+00, 2.248975992202759e+00, 2.248975992202759e+00, 2.248975992202759e+00, 2.248975992202759e+00, 2.248975992202759e+00, 2.248975992202759e+00, 2.248975992202759e+00, 2.248975992202759e+00, 2.248975992202759e+00, 2.248975992202759e+00, 2.248975992202759e+00, 2.248975992202759e+00]
bld[2].m_flow=[2.296247720718384e+00, 2.296247720718384e+00, 2.252377510070801e+00, 2.250471591949463e+00, 2.249895334243774e+00, 2.249543905258179e+00, 2.249328851699829e+00, 2.249195098876953e+00, 2.249112129211426e+00, 2.249060392379761e+00, 2.249028444290161e+00, 2.249008655548096e+00, 2.248996257781982e+00, 2.248988628387451e+00, 2.248983860015869e+00, 2.248980760574341e+00, 2.248978853225708e+00, 2.248977899551392e+00, 2.248977184295654e+00, 2.248976707458496e+00, 2.248976469039917e+00, 2.248976230621338e+00, 2.248976230621338e+00, 2.248975992202759e+00, 2.248975992202759e+00, 2.248975992202759e+00, 2.248975992202759e+00, 2.248975992202759e+00, 2.248975992202759e+00, 2.248975992202759e+00, 2.248975992202759e+00, 2.248975992202759e+00, 2.248975992202759e+00, 2.248975992202759e+00, 2.248975992202759e+00, 2.248975992202759e+00, 2.248975992202759e+00, 2.248975992202759e+00, 2.248975992202759e+00, 2.248975992202759e+00, 2.248975992202759e+00, 2.248975992202759e+00, 2.248975992202759e+00, 2.248975992202759e+00, 2.248975992202759e+00, 2.248975992202759e+00, 2.248975992202759e+00, 2.248975992202759e+00, 2.248975992202759e+00, 2.248975992202759e+00, 2.248975992202759e+00, 2.248975992202759e+00, 2.248975992202759e+00, 2.248975992202759e+00, 2.248975992202759e+00, 2.248975992202759e+00, 2.248975992202759e+00, 2.248975992202759e+00, 2.248975992202759e+00, 2.248975992202759e+00, 2.248975992202759e+00, 2.248975992202759e+00, 2.248975992202759e+00, 2.248975992202759e+00, 2.248975992202759e+00, 2.248975992202759e+00, 2.248975992202759e+00, 2.248975992202759e+00, 2.248975992202759e+00, 2.248975992202759e+00, 2.248975992202759e+00, 2.248975992202759e+00, 2.248975992202759e+00, 2.248975992202759e+00, 2.248975992202759e+00, 2.248975992202759e+00, 2.248975992202759e+00, 2.248975992202759e+00, 2.248975992202759e+00, 2.248975992202759e+00, 2.248975992202759e+00, 2.248975992202759e+00, 2.248975992202759e+00, 2.248975992202759e+00, 2.248975992202759e+00, 2.248975992202759e+00, 2.248975992202759e+00, 2.248975992202759e+00, 2.248975992202759e+00, 2.248975992202759e+00, 2.248975992202759e+00, 2.248975992202759e+00, 2.248975992202759e+00, 2.248975992202759e+00, 2.248975992202759e+00, 2.248975992202759e+00, 2.248975992202759e+00, 2.248975992202759e+00, 2.248975992202759e+00, 2.248975992202759e+00, 2.248975992202759e+00]
pla.senTCHWSup.T=[2.931499938964844e+02, 2.804355773925781e+02, 2.80156494140625e+02, 2.80150146484375e+02, 2.801500244140625e+02, 2.801499938964844e+02, 2.801499938964844e+02, 2.801499938964844e+02, 2.801499938964844e+02, 2.801499938964844e+02, 2.801499938964844e+02, 2.801499938964844e+02, 2.801499938964844e+02, 2.801499938964844e+02, 2.801499938964844e+02, 2.801499938964844e+02, 2.801499938964844e+02, 2.801499938964844e+02, 2.801499938964844e+02, 2.801499938964844e+02, 2.801499938964844e+02, 2.801499938964844e+02, 2.801499938964844e+02, 2.801499938964844e+02, 2.801499938964844e+02, 2.801499938964844e+02, 2.801499938964844e+02, 2.801499938964844e+02, 2.801499938964844e+02, 2.801499938964844e+02, 2.801499938964844e+02, 2.801499938964844e+02, 2.801499938964844e+02, 2.801499938964844e+02, 2.801499938964844e+02, 2.801499938964844e+02, 2.801499938964844e+02, 2.801499938964844e+02, 2.801499938964844e+02, 2.801499938964844e+02, 2.801499938964844e+02, 2.801499938964844e+02, 2.801499938964844e+02, 2.801499938964844e+02, 2.801499938964844e+02, 2.801499938964844e+02, 2.801499938964844e+02, 2.801499938964844e+02, 2.801499938964844e+02, 2.801499938964844e+02, 2.801499938964844e+02, 2.801499938964844e+02, 2.801499938964844e+02, 2.801499938964844e+02, 2.801499938964844e+02, 2.801499938964844e+02, 2.801499938964844e+02, 2.801499938964844e+02, 2.801499938964844e+02, 2.801499938964844e+02, 2.801499938964844e+02, 2.801499938964844e+02, 2.801499938964844e+02, 2.801499938964844e+02, 2.801499938964844e+02, 2.801499938964844e+02, 2.801499938964844e+02, 2.801499938964844e+02, 2.801499938964844e+02, 2.801499938964844e+02, 2.801499938964844e+02, 2.801499938964844e+02, 2.801499938964844e+02, 2.801499938964844e+02, 2.801499938964844e+02, 2.801499938964844e+02, 2.801499938964844e+02, 2.801499938964844e+02, 2.801499938964844e+02, 2.801499938964844e+02, 2.801499938964844e+02, 2.801499938964844e+02, 2.801499938964844e+02, 2.801499938964844e+02, 2.801499938964844e+02, 2.801499938964844e+02, 2.801499938964844e+02, 2.801499938964844e+02, 2.801499938964844e+02, 2.801499938964844e+02, 2.801499938964844e+02, 2.801499938964844e+02, 2.801499938964844e+02, 2.801499938964844e+02, 2.801499938964844e+02, 2.801499938964844e+02, 2.801499938964844e+02, 2.801499938964844e+02, 2.801499938964844e+02, 2.801499938964844e+02, 2.801499938964844e+02]
bld[1].ets.senTDisRet.T=[2.931499938964844e+02, 2.895744018554688e+02, 2.893194885253906e+02, 2.89322998046875e+02, 2.893290710449219e+02, 2.893328857421875e+02, 2.893352661132812e+02, 2.893367309570312e+02, 2.893376770019531e+02, 2.893382263183594e+02, 2.893385925292969e+02, 2.893388061523438e+02, 2.893389587402344e+02, 2.893390197753906e+02, 2.893390808105469e+02, 2.89339111328125e+02, 2.893391418457031e+02, 2.893391418457031e+02, 2.893391723632812e+02, 2.893391723632812e+02, 2.893391723632812e+02, 2.893391723632812e+02, 2.893391723632812e+02, 2.893391723632812e+02, 2.893391723632812e+02, 2.893391723632812e+02, 2.893391723632812e+02, 2.893391723632812e+02, 2.893391723632812e+02, 2.893391723632812e+02, 2.893391723632812e+02, 2.893391723632812e+02, 2.893391723632812e+02, 2.893391723632812e+02, 2.893391723632812e+02, 2.893391723632812e+02, 2.893391723632812e+02, 2.893391723632812e+02, 2.893391723632812e+02, 2.893391723632812e+02, 2.893391723632812e+02, 2.893391723632812e+02, 2.893391723632812e+02, 2.893391723632812e+02, 2.893391723632812e+02, 2.893391723632812e+02, 2.893391723632812e+02, 2.893391723632812e+02, 2.893391723632812e+02, 2.893391723632812e+02, 2.893391723632812e+02, 2.893391723632812e+02, 2.893391723632812e+02, 2.893391723632812e+02, 2.893391723632812e+02, 2.893391723632812e+02, 2.893391723632812e+02, 2.893391723632812e+02, 2.893391723632812e+02, 2.893391723632812e+02, 2.893391723632812e+02, 2.893391723632812e+02, 2.893391723632812e+02, 2.893391723632812e+02, 2.893391723632812e+02, 2.893391723632812e+02, 2.893391723632812e+02, 2.893391723632812e+02, 2.893391723632812e+02, 2.893391723632812e+02, 2.893391723632812e+02, 2.893391723632812e+02, 2.893391723632812e+02, 2.893391723632812e+02, 2.893391723632812e+02, 2.893391723632812e+02, 2.893391723632812e+02, 2.893391723632812e+02, 2.893391723632812e+02, 2.893391723632812e+02, 2.893391723632812e+02, 2.893391723632812e+02, 2.893391723632812e+02, 2.893391723632812e+02, 2.893391723632812e+02, 2.893391723632812e+02, 2.893391723632812e+02, 2.893391723632812e+02, 2.893391723632812e+02, 2.893391723632812e+02, 2.893391723632812e+02, 2.893391723632812e+02, 2.893391723632812e+02, 2.893391723632812e+02, 2.893391723632812e+02, 2.893391723632812e+02, 2.893391723632812e+02, 2.893391723632812e+02, 2.893391723632812e+02, 2.893391723632812e+02, 2.893391723632812e+02]
bld[2].ets.senTDisRet.T=[2.931499938964844e+02, 2.896137390136719e+02, 2.893357238769531e+02, 2.893328857421875e+02, 2.89335205078125e+02, 2.893367004394531e+02, 2.89337646484375e+02, 2.893382263183594e+02, 2.893385925292969e+02, 2.893388061523438e+02, 2.893389587402344e+02, 2.893390197753906e+02, 2.893390808105469e+02, 2.89339111328125e+02, 2.893391418457031e+02, 2.893391418457031e+02, 2.893391723632812e+02, 2.893391723632812e+02, 2.893391723632812e+02, 2.893391723632812e+02, 2.893391723632812e+02, 2.893391723632812e+02, 2.893391723632812e+02, 2.893391723632812e+02, 2.893391723632812e+02, 2.893391723632812e+02, 2.893391723632812e+02, 2.893391723632812e+02, 2.893391723632812e+02, 2.893391723632812e+02, 2.893391723632812e+02, 2.893391723632812e+02, 2.893391723632812e+02, 2.893391723632812e+02, 2.893391723632812e+02, 2.893391723632812e+02, 2.893391723632812e+02, 2.893391723632812e+02, 2.893391723632812e+02, 2.893391723632812e+02, 2.893391723632812e+02, 2.893391723632812e+02, 2.893391723632812e+02, 2.893391723632812e+02, 2.893391723632812e+02, 2.893391723632812e+02, 2.893391723632812e+02, 2.893391723632812e+02, 2.893391723632812e+02, 2.893391723632812e+02, 2.893391723632812e+02, 2.893391723632812e+02, 2.893391723632812e+02, 2.893391723632812e+02, 2.893391723632812e+02, 2.893391723632812e+02, 2.893391723632812e+02, 2.893391723632812e+02, 2.893391723632812e+02, 2.893391723632812e+02, 2.893391723632812e+02, 2.893391723632812e+02, 2.893391723632812e+02, 2.893391723632812e+02, 2.893391723632812e+02, 2.893391723632812e+02, 2.893391723632812e+02, 2.893391723632812e+02, 2.893391723632812e+02, 2.893391723632812e+02, 2.893391723632812e+02, 2.893391723632812e+02, 2.893391723632812e+02, 2.893391723632812e+02, 2.893391723632812e+02, 2.893391723632812e+02, 2.893391723632812e+02, 2.893391723632812e+02, 2.893391723632812e+02, 2.893391723632812e+02, 2.893391723632812e+02, 2.893391723632812e+02, 2.893391723632812e+02, 2.893391723632812e+02, 2.893391723632812e+02, 2.893391723632812e+02, 2.893391723632812e+02, 2.893391723632812e+02, 2.893391723632812e+02, 2.893391723632812e+02, 2.893391723632812e+02, 2.893391723632812e+02, 2.893391723632812e+02, 2.893391723632812e+02, 2.893391723632812e+02, 2.893391723632812e+02, 2.893391723632812e+02, 2.893391723632812e+02, 2.893391723632812e+02, 2.893391723632812e+02, 2.893391723632812e+02]
